1000 988 64 224
1010 988 64 224
1020 988 62 222
1030 988 62 218
1040 988 60 218
1050 988 60 216
1060 988 58 214
1070 988 56 210
1080 988 56 208
1090 988 56 206
1100 988 54 204
1110 988 54 204
1120 988 52 202
1130 988 50 200
1140 988 50 198
1150 988 50 196
1160 988 50 196
1170 988 50 194
1180 988 50 192
1190 988 48 190
1200 988 48 190
1210 988 46 188
1220 988 46 186
1230 988 46 184
1240 988 44 184
1250 988 44 182
1260 988 44 182
1270 988 42 180
1280 988 42 178
1290 988 40 178
1300 988 40 176
1310 988 40 174
1320 988 40 172
1330 988 38 172
1340 988 38 170
1350 988 38 170
1360 988 38 168
1370 988 38 166
1380 988 38 166
1390 988 36 164
1400 988 36 164
1410 988 36 162
1420 988 36 160
1430 988 36 160
1440 988 36 160
1450 988 36 158
1460 988 34 156
1470 988 34 156
1480 988 34 154
1490 988 34 154
1500 988 32 152
1510 988 32 150
1520 988 32 150
1530 988 32 150
1540 988 30 148
1550 988 30 148
1560 988 30 146
1570 988 30 146
1580 988 30 144
1590 988 28 142
1600 988 28 142
1610 988 28 142
1620 988 28 140
1630 988 28 140
1640 988 28 140
1650 988 28 138
1660 988 28 138
1670 988 28 136
1680 988 28 136
1690 988 28 134
1700 988 26 134
1710 988 26 132
1720 988 26 132
1730 988 26 132
1740 988 26 130
1750 988 26 130
1760 988 26 128
1770 988 26 128
1780 988 26 128
1790 988 26 126
1800 988 26 126
1810 988 26 124
1820 988 26 124
1830 988 24 124
1840 988 24 122
1850 988 24 122
1860 988 24 122
1870 988 24 120
1880 988 24 120
1890 988 24 120
1900 988 24 118
1910 988 24 118
1920 988 24 116
1930 988 24 116
1940 988 24 116
1950 988 24 114
1960 988 24 114
1970 988 24 114
1980 988 24 112
1990 988 22 112
2000 988 22 110
2010 988 22 110
2020 988 22 110
2030 988 22 110
2040 988 22 108
2050 988 22 108
2060 988 22 106
2070 988 22 106
2080 988 20 106
2090 988 20 106
2100 988 20 106
2110 988 20 104
2120 988 20 104
2130 988 20 104
2140 988 20 102
2150 988 20 102
2160 988 20 102
2170 988 20 100
2180 988 20 100
2190 988 18 100
2200 988 18 100
2210 988 18 98
2220 988 18 98
2230 988 18 98
2240 988 18 96
2250 988 18 96
2260 988 18 96
2270 988 18 96
2280 988 18 94
2290 988 18 94
2300 988 18 94
2310 988 18 92
2320 988 18 92
2330 988 16 92
2340 988 16 92
2350 988 16 90
2360 988 16 90
2370 988 16 90
2380 988 16 88
2390 988 16 88
2400 988 16 88
2410 988 16 88
2420 988 16 86
2430 988 16 86
2440 988 16 86
2450 988 16 86
2460 988 16 84
2470 988 16 84
2480 988 14 84
2490 988 14 84
2500 988 14 82
2510 988 14 82
2520 988 14 82
2530 988 14 82
2540 988 14 80
2550 988 14 80
2560 988 14 80
2570 988 14 80
2580 988 14 80
2590 988 14 80
2600 988 14 78
2610 988 14 78
2620 988 14 76
2630 988 14 76
2640 988 14 76
2650 988 14 76
2660 988 14 76
2670 988 12 76
2680 988 12 76
2690 988 12 74
2700 988 12 74
2710 988 12 74
2720 988 12 74
2730 988 12 72
2740 988 12 72
2750 988 12 72
2760 988 12 72
2770 988 12 72
2780 988 12 70
2790 988 12 70
2800 988 12 70
2810 988 12 70
2820 988 12 70
2830 988 12 68
2840 988 12 68
2850 988 12 68
2860 988 12 68
2870 988 12 68
2880 988 12 66
2890 988 12 66
2900 988 10 66
2910 988 10 66
2920 988 10 66
2930 988 10 64
2940 988 10 64
2950 988 10 64
2960 988 10 64
2970 988 10 64
2980 988 10 62
2990 988 10 62
3000 988 10 62
3010 988 10 62
3020 988 10 62
3030 988 10 60
3040 988 10 60
3050 988 10 60
3060 988 10 60
3070 988 10 60
3080 988 10 60
3090 988 10 58
3100 988 10 58
3110 988 10 58
3120 988 10 58
3130 988 10 58
3140 988 10 56
3150 988 10 56
3160 988 10 56
3170 988 10 56
3180 988 10 56
3190 988 10 56
3200 988 8 54
3210 988 8 54
3220 988 8 54
3230 988 8 54
3240 988 8 54
3250 988 8 54
3260 988 8 52
3270 988 8 52
3280 988 8 52
3290 988 8 52
3300 988 8 52
3310 988 8 52
3320 988 8 50
3330 988 8 50
3340 988 8 50
3350 988 8 50
3360 988 8 50
3370 988 8 50
3380 988 8 48
3390 988 8 48
3400 988 8 48
3410 988 8 48
3420 988 8 48
3430 988 8 48
3440 988 8 48
3450 988 8 46
3460 988 8 46
3470 988 8 46
3480 988 8 46
3490 988 8 46
3500 988 8 46
3510 988 8 44
3520 988 8 44
3530 988 8 44
3540 988 8 44
3550 988 8 44
3560 988 8 44
3570 988 8 42
3580 988 8 42
3590 988 8 42
3600 988 8 42
3610 988 8 42
3620 988 8 42
3630 988 8 42
3640 988 8 40
3650 988 8 40
3660 988 8 40
3670 988 6 40
3680 988 6 40
3690 988 6 40
3700 988 6 40
3710 988 6 38
3720 988 6 38
3730 988 6 38
3740 988 6 38
3750 988 6 38
3760 988 6 38
3770 988 6 36
3780 988 6 36
3790 988 6 36
3800 988 6 36
3810 988 6 36
3820 988 6 36
3830 988 6 36
3840 988 6 36
3850 988 6 34
3860 988 6 34
3870 988 6 34
3880 988 6 32
3890 988 6 32
3900 988 6 32
3910 988 6 32
3920 988 6 32
3930 988 6 32
3940 988 6 32
3950 988 6 30
3960 988 6 30
3970 988 6 30
3980 988 6 30
3990 988 6 30
4000 988 6 30
4010 988 6 30
4020 988 4 28
4030 988 4 28
4040 988 4 28
4050 988 4 28
4060 988 4 28
4070 988 4 28
4080 988 4 28
4090 988 4 26
4100 988 4 26
4110 988 4 26
4120 988 4 26
4130 988 4 26
4140 988 4 26
4150 988 4 26
4160 988 4 26
4170 988 4 24
4180 988 4 24
4190 988 4 24
4200 988 4 24
4210 988 4 24
4220 988 4 24
4230 988 4 24
4240 988 4 24
4250 988 4 22
4260 988 4 22
4270 988 4 22
4280 988 4 22
4290 988 4 20
4300 988 4 20
4310 988 4 20
4320 988 4 20
4330 988 4 20
4340 988 4 20
4350 988 4 20
4360 988 4 20
4370 988 4 18
4380 988 4 18
4390 988 4 18
4400 988 4 18
4410 988 4 18
4420 988 4 18
4430 988 4 18
4440 988 4 16
4450 988 4 16
4460 988 4 16
4470 988 4 16
4480 988 4 14
4490 988 4 14
4500 988 4 14
4510 988 4 14
4520 988 4 14
4530 988 4 14
4540 988 4 14
4550 988 4 14
4560 988 4 14
4570 988 2 12
4580 988 2 12
4590 988 2 12
4600 988 2 12
4610 988 2 12
4620 988 2 12
4630 988 2 12
4640 988 2 12
4650 988 2 12
4660 988 2 10
4670 988 2 10
4680 988 2 10
4690 988 2 10
4700 988 2 10
4710 988 2 8
4720 988 2 8
4730 988 2 8
4740 988 2 8
4750 988 2 6
4760 988 2 6
4770 988 2 6
4780 988 2 6
4790 988 2 6
4800 988 2 4
4810 988 2 4
4820 988 2 4
4830 988 2 4
4840 988 2 0
4850 988 2 0
4860 988 2 0
4870 988 2 0
4880 988 2 0
4890 988 2 0
4900 988 2 0
4910 988 2 0
4920 988 2 0
4930 988 2 0
4940 988 2 0
4950 988 2 0
4960 988 2 0
4970 988 2 0
4980 988 2 0
4990 988 2 0
5000 988 2 0
5010 988 2 0
5020 988 2 0
5030 988 2 0
5040 988 2 0
5050 988 2 0
5060 988 2 0
5070 988 2 0
5080 988 2 0
5090 988 2 0
5100 988 2 0
5110 988 2 0
5120 988 2 0
5130 988 2 0
5140 988 2 0
5150 988 2 0
5160 988 2 0
5170 988 2 0
5180 988 2 0
5190 988 2 0
5200 988 2 0
5210 988 2 0
5220 988 2 0
5230 988 2 0
5240 988 2 0
5250 988 2 0
5260 988 2 0
5270 988 2 0
5280 988 2 0
5290 988 2 0
5300 988 2 0
5310 988 2 0
5320 988 2 0
5330 988 2 0
5340 988 2 0
5350 988 2 0
5360 988 2 0
5370 988 2 0
5380 988 2 0
5390 988 2 0
5400 988 2 0
5410 988 2 0
5420 988 2 0
5430 988 2 0
5440 988 2 0
5450 988 2 0
5460 988 2 0
5470 988 2 0
5480 988 2 0
5490 988 2 0
5500 988 2 0
5510 988 2 0
5520 988 2 0
5530 988 2 0
5540 988 2 0
5550 988 2 0
5560 988 2 0
5570 988 2 0
5580 988 2 0
5590 988 2 0
5600 988 2 0
5610 988 2 0
5620 988 2 0
5630 988 2 0
5640 988 2 0
5650 988 2 0
5660 988 2 0
5670 988 2 0
5680 988 2 4
5690 988 2 4
5700 988 2 4
5710 988 2 4
5720 988 2 6
5730 988 2 6
5740 988 2 6
5750 988 2 6
5760 988 2 8
5770 988 2 8
5780 988 2 8
5790 988 2 8
5800 988 2 10
5810 988 2 10
5820 988 2 10
5830 988 2 10
5840 988 2 12
5850 988 2 12
5860 988 2 12
5870 988 2 12
5880 988 2 12
5890 988 2 12
5900 988 2 12
5910 988 4 14
5920 988 4 14
5930 988 4 14
5940 988 4 14
5950 988 4 14
5960 988 4 14
5970 988 4 14
5980 988 4 14
5990 988 4 16
6000 988 4 16
6010 988 4 16
6020 988 4 16
6030 988 4 18
6040 988 4 18
6050 988 4 18
6060 988 4 18
6070 988 4 18
6080 988 4 18
6090 988 4 18
6100 988 4 20
6110 988 4 20
6120 988 4 20
6130 988 4 20
6140 988 4 20
6150 988 4 20
6160 988 4 20
6170 988 4 22
6180 988 4 22
6190 988 4 22
6200 988 4 22
6210 988 4 22
6220 988 4 24
6230 988 4 24
6240 988 4 24
6250 988 4 24
6260 988 4 24
6270 988 4 24
6280 988 4 24
6290 988 4 26
6300 988 4 26
6310 988 4 26
6320 988 4 26
6330 988 4 26
6340 988 4 26
6350 988 4 26
6360 988 4 26
6370 988 4 28
6380 988 4 28
6390 988 4 28
6400 988 4 28
6410 988 4 28
6420 988 4 28
6430 988 4 28
6440 988 6 30
6450 988 6 30
6460 988 6 30
6470 988 6 30
6480 988 6 30
6490 988 6 30
6500 988 6 30
6510 988 6 30
6520 988 6 32
6530 988 6 32
6540 988 6 32
6550 988 6 32
6560 988 6 32
6570 988 6 32
6580 988 6 32
6590 988 6 34
6600 988 6 34
6610 988 6 34
6620 988 6 34
6630 988 6 36
6640 988 6 36
6650 988 6 36
6660 988 6 36
6670 988 6 36
6680 988 6 36
6690 988 6 36
6700 988 6 36
6710 988 6 38
6720 988 6 38
6730 988 6 38
6740 988 6 38
6750 988 6 38
6760 988 6 38
6770 988 6 38
6780 988 6 40
6790 988 6 40
6800 988 6 40
6810 988 6 40
6820 988 8 40
6830 988 8 40
6840 988 8 40
6850 988 8 40
6860 988 8 42
6870 988 8 42
6880 988 8 42
6890 988 8 42
6900 988 8 42
6910 988 8 42
6920 988 8 44
6930 988 8 44
6940 988 8 44
6950 988 8 44
6960 988 8 44
6970 988 8 44
6980 988 8 44
6990 988 8 46
7000 988 8 46
7010 988 8 46
7020 988 8 46
7030 988 8 46
7040 988 8 46
7050 988 8 46
7060 988 8 48
7070 988 8 48
7080 988 8 48
7090 988 8 48
7100 988 8 48
7110 988 8 48
7120 988 8 50
7130 988 8 50
7140 988 8 50
7150 988 8 50
7160 988 8 50
7170 988 8 50
7180 988 8 50
7190 988 8 52
7200 988 8 52
7210 988 8 52
7220 988 8 52
7230 988 8 52
7240 988 8 52
7250 988 8 54
7260 988 8 54
7270 988 8 54
7280 988 8 54
7290 988 8 54
7300 988 8 54
7310 988 10 56
7320 988 10 56
7330 988 10 56
7340 988 10 56
7350 988 10 56
7360 988 10 56
7370 988 10 58
7380 988 10 58
7390 988 10 58
7400 988 10 58
7410 988 10 58
7420 988 10 60
7430 988 10 60
7440 988 10 60
7450 988 10 60
7460 988 10 60
7470 988 10 60
7480 988 10 62
7490 988 10 62
7500 988 10 62
7510 988 10 62
7520 988 10 62
7530 988 10 64
7540 988 10 64
7550 988 10 64
7560 988 10 64
7570 988 10 64
7580 988 10 66
7590 988 10 66
7600 988 10 66
7610 988 12 66
7620 988 12 66
7630 988 12 68
7640 988 12 68
7650 988 12 68
7660 988 12 68
7670 988 12 68
7680 988 12 70
7690 988 12 70
7700 988 12 70
7710 988 12 70
7720 988 12 70
7730 988 12 72
7740 988 12 72
7750 988 12 72
7760 988 12 72
7770 988 12 72
7780 988 12 74
7790 988 12 74
7800 988 12 74
7810 988 12 74
7820 988 12 76
7830 988 12 76
7840 988 12 76
7850 988 14 76
7860 988 14 76
7870 988 14 76
7880 988 14 76
7890 988 14 78
7900 988 14 78
7910 988 14 80
7920 988 14 80
7930 988 14 80
7940 988 14 80
7950 988 14 80
7960 988 14 80
7970 988 14 82
7980 988 14 82
7990 988 14 82
8000 988 14 84
8010 988 14 84
8020 988 16 84
8030 988 16 84
8040 988 16 86
8050 988 16 86
8060 988 16 86
8070 988 16 86
8080 988 16 88
8090 988 16 88
8100 988 16 88
8110 988 16 90
8120 988 16 90
8130 988 16 90
8140 988 16 92
8150 988 16 92
8160 988 18 92
8170 988 18 92
8180 988 18 94
8190 988 18 94
8200 988 18 94
8210 988 18 96
8220 988 18 96
8230 988 18 96
8240 988 18 98
8250 988 18 98
8260 988 18 98
8270 988 18 100
8280 988 20 100
8290 988 20 100
8300 984 20 102
8310 968 20 102
8320 960 20 102
8330 948 20 104
8340 936 22 104
8350 920 22 104
8360 912 22 104
8370 896 22 104
8380 884 24 106
8390 864 24 106
8400 860 24 106
8410 840 24 106
8420 824 24 108
8430 816 24 108
8440 800 26 108
8450 784 26 108
8460 772 26 108
8470 756 26 108
8480 736 26 108
8490 728 28 108
8500 720 28 108
8510 708 28 108
8520 696 28 108
8530 688 28 108
8540 672 28 108
8550 668 28 108
8560 672 28 108
8570 660 28 108
8580 656 30 108
8590 656 30 108
8600 656 30 108
8610 652 30 108
8620 656 30 108
8630 660 30 108
8640 664 28 108
8650 668 30 108
8660 672 28 108
8670 680 28 108
8680 688 28 108
8690 696 28 110
8700 704 28 110
8710 716 28 112
8720 720 28 112
8730 732 28 112
8740 744 28 114
8750 756 28 114
8760 764 28 114
8770 776 28 114
8780 784 28 116
8790 796 28 118
8800 808 28 118
8810 816 28 120
8820 820 28 120
8830 832 28 120
8840 844 28 122
8850 852 28 122
8860 864 28 124
8870 876 28 124
8880 876 28 126
8890 888 28 126
8900 896 28 128
8910 900 28 128
8920 908 28 130
8930 916 28 130
8940 920 28 132
8950 924 28 132
8960 936 28 134
8970 936 28 134
8980 948 28 136
8990 948 28 136
9000 956 28 138
9010 956 28 140
9020 960 28 140
9030 972 28 142
9040 972 30 142
9050 976 30 144
9060 984 30 146
9070 988 30 146
9080 984 30 148
9090 988 30 148
9100 988 32 150
9110 988 32 150
9120 988 32 152
9130 988 34 154
9140 988 34 154
9150 988 34 156
9160 988 36 158
9170 988 36 158
9180 988 36 160
9190 988 36 160
9200 988 36 162
9210 988 36 164
9220 988 36 164
9230 988 38 166
9240 988 38 168
9250 988 38 170
9260 988 38 170
9270 988 38 172
9280 988 40 174
9290 988 40 176
9300 988 40 176
9310 988 42 178
9320 988 42 180
9330 988 42 180
9340 988 44 182
9350 988 44 184
9360 988 46 186
9370 988 46 188
9380 988 48 188
9390 988 48 192
9400 988 50 192
9410 988 50 192
9420 988 50 196
9430 988 50 198
9440 988 50 200
9450 988 52 200
9460 988 52 202
9470 988 54 204
9480 988 54 206
9490 988 56 208
9500 988 56 210
9510 988 58 214
9520 988 60 216
9530 988 60 218
9540 988 62 220
9550 988 64 222
9560 988 64 224
9570 988 66 226
9580 988 66 228
9590 988 68 232
9600 988 68 234
9610 988 68 234
9620 988 72 238
9630 988 72 238
9640 988 74 242
9650 988 74 244
9660 988 76 248
9670 988 78 250
9680 988 78 252
9690 988 80 256
9700 988 82 258
9710 988 88 262
9720 988 90 264
9730 988 92 266
9740 988 94 268
9750 988 96 270
9760 988 98 274
9770 988 100 276
9780 988 104 282
9790 988 106 282
9800 988 110 286
9810 988 116 288
9820 988 120 294
9830 988 124 296
9840 988 126 300
9850 988 128 302
9860 988 132 306
9870 988 136 308
9880 988 140 312
9890 988 142 314
9900 988 142 318
9910 988 148 322
9920 988 150 324
9930 988 156 328
9940 988 164 332
9950 988 174 336
9960 988 182 338
9970 988 192 342
9980 988 200 344
9990 988 262 348
10000 988 268 350
10010 988 276 354
10020 988 284 356
10030 988 0 462
10040 988 14 472
10050 988 18 476
10060 988 30 488
10070 988 490 0
10080 988 490 0
10090 988 490 0
10100 988 490 0
10110 988 490 0
10120 988 490 0
10130 988 490 0
10140 988 490 0
10150 988 490 0
10160 988 490 0
10170 988 490 0
10180 988 490 0
10190 988 490 0
10200 988 490 0
10210 988 490 0
10220 988 490 0
10230 988 490 0
10240 988 490 0
10250 988 490 0
10260 988 490 0
10270 988 490 0
10280 988 490 0
10290 988 490 0
10300 988 490 0
10310 988 490 0
10320 988 490 0
10330 988 490 0
10340 988 490 0
10350 988 490 0
10360 988 490 0
10370 988 490 0
10380 988 490 0
10390 988 490 0
10400 988 490 0
10410 988 490 0
10420 988 490 0
10430 988 490 0
10440 988 490 0
10450 988 490 0
10460 988 490 0
10470 988 490 0
10480 988 490 0
10490 988 490 0
10500 988 490 0
10510 988 490 0
10520 988 490 0
10530 988 490 0
10540 988 490 0
10550 988 490 0
10560 988 490 0
10570 988 490 0
10580 988 490 0
10590 988 490 0
10600 988 490 0
10610 988 490 0
10620 988 490 0
10630 988 490 0
10640 988 490 0
10650 988 490 0
10660 988 36 494
10670 988 28 486
10680 988 24 480
10690 984 12 472
10700 988 2 464
10710 984 288 356
10720 980 276 352
10730 984 270 350
10740 980 264 348
10750 972 254 342
10760 972 252 342
10770 968 196 336
10780 972 186 334
10790 972 180 334
10800 972 170 330
10810 968 164 326
10820 964 158 324
10830 960 154 320
10840 964 148 318
10850 964 146 314
10860 956 142 312
10870 956 142 308
10880 952 140 306
10890 948 138 302
10900 952 134 300
10910 948 130 296
10920 948 130 294
10930 948 128 292
10940 940 126 288
10950 940 124 286
10960 936 122 284
10970 940 116 280
10980 936 114 278
10990 936 110 274
11000 932 108 274
11010 936 100 266
11020 936 100 268
11030 932 100 266
11040 936 98 264
11050 932 96 262
11060 928 96 260
11070 924 94 258
11080 924 92 256
11090 920 92 252
11100 924 88 250
11110 920 86 248
11120 916 80 246
11130 912 80 244
11140 912 78 242
11150 912 78 240
11160 912 78 238
11170 912 76 236
11180 912 76 234
11190 908 74 232
11200 908 74 230
11210 908 74 228
11220 904 72 226
11230 904 70 224
11240 908 70 224
11250 908 68 222
11260 904 68 220
11270 900 66 218
11280 900 66 216
11290 900 66 214
11300 896 64 212
11310 892 64 210
11320 896 62 208
11330 892 62 206
11340 892 62 206
11350 892 60 204
11360 884 60 202
11370 880 58 200
11380 880 58 200
11390 884 56 194
11400 876 56 194
11410 880 56 192
11420 876 54 190
11430 876 54 188
11440 868 52 188
11450 868 52 186
11460 868 52 184
11470 868 50 184
11480 868 50 182
11490 864 50 180
11500 864 50 180
11510 868 50 178
11520 860 50 176
11530 860 50 174
11540 860 48 174
11550 860 48 172
11560 860 46 172
11570 856 46 170
11580 860 46 168
11590 852 46 168
11600 852 44 166
11610 852 44 166
11620 848 44 164
11630 844 42 162
11640 844 42 162
11650 848 42 160
11660 844 40 160
11670 844 40 158
11680 844 40 158
11690 844 40 156
11700 840 38 154
11710 840 38 154
11720 840 38 154
11730 840 38 152
11740 840 38 152
11750 836 38 150
11760 836 38 148
11770 832 38 148
11780 832 36 146
11790 836 36 146
11800 828 36 146
11810 828 36 144
11820 832 36 144
11830 828 36 142
11840 828 36 140
11850 824 36 140
11860 824 34 138
11870 824 34 138
11880 824 34 136
11890 824 34 136
11900 824 32 136
11910 824 32 134
11920 820 32 132
11930 820 32 132
11940 820 32 132
11950 816 32 130
11960 816 30 130
11970 816 30 128
11980 820 30 128
11990 816 30 126
12000 812 30 126
12010 812 28 124
12020 812 28 124
12030 812 28 124
12040 812 28 124
12050 808 28 120
12060 804 28 120
12070 804 28 120
12080 804 28 120
12090 800 28 118
12100 804 28 118
12110 804 28 116
12120 796 28 116
12130 796 26 114
12140 792 26 114
12150 792 26 112
12160 792 26 112
12170 788 26 112
12180 788 26 110
12190 788 26 110
12200 788 26 108
12210 780 26 108
12220 780 26 108
12230 776 26 106
12240 776 26 106
12250 772 26 106
12260 776 26 104
12270 768 26 104
12280 768 26 102
12290 764 24 102
12300 764 24 102
12310 760 24 102
12320 756 24 100
12330 756 24 100
12340 756 24 98
12350 752 24 98
12360 748 24 98
12370 744 24 96
12380 744 24 96
12390 740 24 96
12400 740 24 94
12410 736 24 94
12420 732 24 94
12430 728 24 92
12440 728 24 92
12450 728 24 90
12460 724 24 90
12470 720 24 90
12480 716 24 88
12490 708 24 88
12500 716 24 88
12510 708 24 86
12520 704 24 86
12530 700 24 86
12540 696 22 84
12550 692 24 84
12560 692 22 84
12570 688 22 82
12580 688 22 82
12590 680 22 82
12600 680 22 82
12610 672 22 80
12620 672 22 80
12630 672 22 80
12640 664 22 78
12650 660 22 78
12660 660 22 78
12670 656 22 76
12680 652 22 76
12690 648 22 76
12700 640 22 74
12710 636 22 74
12720 636 22 74
12730 632 22 74
12740 628 22 72
12750 624 22 72
12760 620 22 72
12770 616 22 70
12780 612 22 70
12790 604 22 68
12800 604 22 68
12810 600 22 68
12820 596 22 68
12830 592 22 66
12840 588 22 66
12850 584 22 66
12860 580 22 64
12870 576 20 64
12880 568 22 64
12890 564 22 62
12900 560 22 62
12910 556 22 62
12920 552 22 62
12930 548 22 60
12940 544 22 60
12950 536 22 58
12960 528 22 58
12970 528 22 58
12980 520 22 58
12990 516 22 56
13000 508 22 56
13010 504 22 56
13020 496 22 56
13030 492 22 54
13040 484 22 54
13050 480 22 52
13060 472 22 52
13070 468 22 52
13080 460 22 52
13090 452 24 50
13100 448 24 50
13110 440 24 50
13120 432 24 50
13130 428 24 48
13140 424 24 48
13150 416 24 48
13160 412 24 46
13170 404 24 46
13180 400 24 46
13190 392 24 46
13200 388 24 44
13210 380 24 44
13220 372 24 44
13230 368 24 44
13240 364 26 44
13250 356 26 44
13260 352 26 42
13270 344 26 42
13280 340 26 42
13290 332 26 40
13300 328 26 40
13310 324 26 40
13320 320 26 40
13330 312 26 40
13340 308 28 40
13350 304 28 38
13360 300 28 38
13370 296 28 38
13380 292 28 38
13390 288 28 38
13400 284 28 38
13410 280 28 38
13420 276 30 36
13430 272 30 36
13440 268 30 38
13450 264 32 36
13460 260 32 36
13470 256 32 36
13480 252 32 36
13490 248 34 36
13500 244 34 36
13510 244 34 36
13520 240 36 34
13530 236 36 34
13540 236 36 34
13550 232 36 34
13560 228 36 34
13570 224 36 34
13580 224 38 34
13590 220 38 34
13600 220 38 34
13610 216 38 34
13620 216 38 34
13630 212 38 32
13640 212 40 32
13650 208 40 32
13660 208 40 32
13670 204 40 32
13680 204 40 34
13690 204 40 34
13700 200 42 34
13710 200 42 34
13720 200 42 34
13730 196 44 32
13740 196 44 32
13750 196 44 32
13760 196 44 32
13770 196 46 32
13780 192 46 32
13790 192 46 32
13800 192 46 32
13810 192 46 32
13820 192 48 32
13830 192 48 32
13840 192 48 32
13850 192 48 32
13860 192 48 32
13870 192 48 32
13880 192 50 34
13890 192 50 34
13900 192 50 36
13910 192 50 36
13920 192 50 36
13930 192 50 36
13940 192 50 36
13950 192 50 36
13960 192 50 36
13970 192 50 36
13980 192 50 36
13990 192 50 36
14000 192 50 36
14010 192 50 36
14020 196 50 38
14030 196 50 38
14040 196 50 38
14050 196 50 38
14060 196 50 38
14070 196 50 38
14080 196 50 40
14090 196 50 40
14100 200 50 40
14110 200 50 40
14120 200 50 40
14130 200 50 40
14140 204 50 42
14150 204 50 42
14160 204 50 42
14170 204 50 42
14180 208 50 44
14190 208 50 44
14200 208 50 44
14210 212 50 46
14220 212 50 46
14230 212 50 46
14240 216 50 48
14250 216 50 48
14260 220 50 48
14270 220 50 50
14280 224 50 50
14290 224 50 50
14300 228 50 50
14310 228 50 50
14320 232 50 52
14330 232 50 52
14340 236 48 54
14350 240 48 54
14360 240 48 54
14370 244 48 54
14380 244 46 54
14390 248 46 56
14400 252 46 56
14410 252 46 56
14420 256 44 56
14430 260 44 56
14440 260 42 58
14450 264 42 58
14460 268 42 58
14470 272 42 58
14480 272 40 58
14490 276 40 58
14500 280 40 58
14510 280 40 58
14520 284 38 60
14530 288 38 58
14540 292 38 58
14550 292 38 58
14560 296 38 60
14570 300 38 60
14580 304 38 60
14590 308 36 60
14600 308 36 60
14610 312 36 60
14620 316 36 60
14630 320 36 60
14640 324 34 60
14650 328 34 60
14660 328 34 60
14670 332 34 60
14680 336 32 58
14690 340 32 58
14700 344 32 60
14710 348 30 60
14720 352 30 60
14730 352 30 58
14740 356 30 58
14750 360 28 58
14760 364 28 58
14770 368 28 58
14780 372 28 58
14790 376 28 56
14800 376 28 56
14810 380 28 56
14820 384 28 56
14830 388 26 56
14840 392 26 56
14850 396 26 56
14860 396 26 56
14870 400 26 56
14880 404 26 54
14890 408 26 54
14900 412 26 54
14910 412 26 54
14920 416 24 54
14930 420 24 54
14940 424 24 54
14950 424 24 54
14960 428 24 52
14970 432 24 52
14980 436 24 52
14990 436 24 52
15000 444 24 50
15010 444 24 50
15020 448 24 50
15030 448 22 50
15040 452 22 50
15050 456 22 50
15060 456 22 50
15070 460 22 48
15080 464 22 48
15090 468 22 48
15100 472 20 48
15110 472 20 48
15120 476 20 46
15130 480 20 46
15140 480 20 46
15150 480 20 46
15160 484 20 46
15170 484 20 46
15180 488 20 46
15190 492 20 46
15200 496 18 44
15210 496 18 44
15220 496 18 44
15230 500 18 44
15240 504 18 44
15250 504 18 42
15260 508 18 42
15270 508 18 42
15280 512 18 42
15290 516 18 42
15300 516 18 42
15310 516 16 42
15320 520 16 42
15330 524 16 42
15340 524 16 40
15350 528 16 40
15360 528 16 40
15370 528 16 40
15380 532 16 40
15390 532 16 38
15400 536 16 38
15410 536 16 38
15420 540 16 38
15430 540 16 38
15440 544 16 38
15450 544 16 38
15460 544 14 36
15470 548 14 36
15480 548 14 36
15490 552 14 36
15500 556 14 36
15510 556 14 36
15520 560 14 34
15530 560 14 34
15540 560 14 34
15550 564 14 34
15560 564 14 34
15570 568 14 34
15580 568 14 34
15590 572 14 32
15600 572 14 32
15610 572 14 32
15620 576 14 32
15630 576 14 32
15640 580 12 32
15650 580 12 32
15660 584 12 30
15670 588 12 30
15680 588 12 30
15690 588 12 30
15700 592 12 30
15710 592 12 30
15720 596 12 30
15730 600 12 28
15740 600 12 28
15750 604 12 28
15760 604 12 28
15770 608 12 28
15780 612 12 28
15790 612 12 28
15800 616 12 28
15810 616 12 26
15820 620 12 26
15830 624 12 26
15840 624 12 26
15850 628 10 26
15860 632 10 26
15870 632 10 26
15880 636 10 26
15890 636 10 24
15900 644 10 24
15910 648 10 24
15920 652 10 24
15930 652 10 24
15940 660 10 24
15950 664 10 24
15960 664 10 24
15970 672 10 24
15980 676 10 24
15990 692 10 22
16000 680 10 22
16010 684 10 22
16020 684 10 22
16030 688 10 22
16040 696 10 22
16050 696 10 20
16060 696 10 20
16070 696 10 20
16080 696 8 22
16090 704 8 20
16100 704 8 20
16110 708 8 20
16120 708 8 20
16130 712 8 18
16140 716 8 18
16150 716 8 18
16160 720 8 18
16170 724 8 18
16180 724 8 18
16190 724 8 18
16200 728 8 18
16210 732 8 18
16220 732 8 16
16230 732 8 16
16240 740 8 16
16250 744 8 16
16260 744 8 16
16270 744 8 16
16280 748 8 16
16290 748 8 16
16300 752 8 16
16310 752 8 16
16320 756 8 14
16330 756 8 14
16340 756 8 14
16350 760 8 14
16360 764 8 14
16370 760 8 14
16380 760 8 12
16390 768 8 12
16400 764 8 12
16410 768 8 12
16420 772 8 12
16430 772 8 12
16440 772 8 12
16450 772 8 12
16460 776 8 12
16470 776 8 12
16480 776 8 12
16490 780 8 12
16500 776 8 12
16510 780 8 12
16520 784 8 10
16530 784 6 10
16540 780 8 10
16550 784 8 10
16560 784 6 10
16570 788 6 10
16580 792 6 10
16590 788 6 8
16600 788 6 10
16610 792 6 8
16620 792 6 8
16630 796 6 8
16640 792 6 8
16650 792 6 8
16660 796 6 8
16670 800 6 8
16680 800 6 8
16690 792 6 8
16700 800 6 8
16710 796 6 8
16720 800 6 8
16730 800 6 8
16740 800 6 8
16750 804 6 4
16760 800 6 4
16770 800 6 4
16780 804 6 4
16790 804 6 4
16800 804 6 4
16810 800 6 4
16820 804 6 4
16830 804 6 4
16840 804 6 4
16850 804 6 0
16860 804 6 0
16870 804 6 0
16880 800 6 0
16890 800 6 0
16900 800 6 0
16910 800 6 0
16920 800 6 0
16930 800 6 0
16940 800 6 0
16950 800 6 0
16960 796 6 0
16970 800 6 0
16980 796 6 0
16990 792 6 0
17000 796 6 0
17010 792 6 0
17020 796 6 0
17030 792 6 4
17040 796 6 4
17050 792 6 4
17060 792 6 4
17070 792 6 4
17080 792 6 4
17090 792 6 8
17100 788 6 8
17110 792 6 8
17120 784 6 8
17130 788 6 8
17140 784 6 8
17150 784 6 8
17160 784 6 8
17170 784 6 10
17180 780 8 10
17190 784 6 10
17200 784 8 10
17210 780 8 12
17220 780 8 12
17230 780 8 12
17240 780 8 12
17250 772 8 12
17260 776 8 12
17270 780 8 12
17280 776 8 14
17290 776 8 14
17300 772 8 14
17310 776 8 14
17320 772 8 16
17330 772 8 16
17340 768 8 16
17350 772 8 16
17360 768 8 16
17370 772 8 16
17380 764 8 16
17390 768 8 18
17400 764 8 18
17410 764 8 18
17420 764 8 20
17430 768 8 20
17440 760 8 20
17450 764 8 20
17460 760 8 20
17470 760 8 20
17480 760 8 20
17490 756 8 22
17500 760 8 22
17510 756 8 22
17520 756 8 22
17530 756 8 22
17540 756 8 22
17550 756 8 22
17560 752 8 24
17570 752 8 24
17580 752 8 24
17590 748 8 24
17600 752 8 24
17610 752 8 24
17620 752 8 26
17630 748 8 26
17640 748 8 26
17650 748 8 28
17660 744 8 28
17670 744 8 28
17680 744 8 28
17690 740 8 28
17700 740 8 28
17710 740 10 30
17720 740 10 30
17730 740 10 30
17740 740 10 30
17750 740 10 30
17760 740 10 30
17770 736 10 30
17780 740 10 30
17790 740 10 32
17800 740 10 32
17810 740 10 32
17820 736 10 32
17830 732 10 32
17840 736 10 32
17850 732 10 34
17860 732 10 34
17870 732 10 34
17880 732 10 34
17890 732 10 34
17900 732 10 34
17910 732 10 34
17920 732 10 34
17930 732 10 36
17940 732 10 36
17950 728 10 36
17960 728 10 36
17970 728 10 36
17980 728 10 36
17990 728 10 36
18000 724 10 38
18010 728 10 38
18020 724 10 38
18030 724 10 38
18040 724 10 38
18050 728 10 38
18060 724 10 38
18070 724 10 40
18080 724 10 40
18090 720 10 40
18100 720 12 40
18110 716 12 40
18120 720 12 40
18130 720 12 40
18140 720 12 42
18150 720 12 42
18160 720 12 42
18170 720 12 42
18180 716 12 42
18190 716 12 42
18200 716 12 42
18210 716 12 44
18220 712 12 44
18230 716 12 44
18240 716 12 44
18250 712 12 44
18260 712 12 44
18270 712 12 46
18280 708 12 46
18290 712 12 46
18300 712 12 46
18310 708 12 46
18320 708 12 46
18330 708 12 46
18340 708 12 48
18350 704 12 48
18360 708 12 48
18370 708 12 48
18380 708 12 48
18390 704 12 48
18400 704 14 50
18410 704 14 50
18420 700 14 50
18430 700 14 50
18440 704 14 50
18450 700 14 50
18460 696 14 50
18470 696 14 50
18480 700 14 52
18490 696 14 52
18500 696 14 52
18510 696 14 52
18520 692 14 52
18530 696 14 52
18540 696 14 52
18550 696 14 54
18560 692 14 54
18570 692 14 54
18580 692 14 54
18590 692 14 54
18600 692 14 54
18610 692 14 54
18620 688 14 56
18630 688 14 56
18640 688 14 56
18650 688 14 56
18660 688 14 56
18670 684 16 56
18680 684 16 58
18690 680 16 58
18700 680 16 58
18710 684 16 58
18720 680 16 58
18730 680 16 58
18740 676 16 58
18750 676 16 60
18760 680 16 60
18770 676 16 60
18780 676 16 60
18790 672 16 60
18800 676 16 60
18810 676 16 62
18820 676 16 62
18830 672 16 62
18840 672 16 62
18850 672 16 62
18860 672 16 62
18870 672 18 62
18880 672 18 62
18890 672 18 62
18900 672 18 64
18910 668 18 64
18920 672 18 64
18930 672 18 66
18940 668 18 66
18950 672 18 66
18960 668 18 66
18970 672 18 66
18980 668 18 66
18990 668 18 66
19000 668 18 66
19010 668 18 68
19020 668 18 68
19030 668 18 68
19040 668 18 68
19050 668 18 68
19060 668 20 70
19070 668 20 70
19080 668 20 70
19090 668 20 70
19100 668 20 70
19110 668 20 70
19120 668 20 72
19130 672 20 72
19140 668 20 72
19150 668 20 72
19160 672 20 72
19170 672 20 74
19180 668 20 74
19190 668 20 74
19200 672 20 74
19210 672 20 74
19220 672 20 76
19230 672 20 76
19240 672 22 76
19250 672 22 76
19260 672 22 76
19270 672 22 78
19280 672 22 78
19290 672 22 78
19300 676 22 78
19310 676 22 80
19320 672 22 80
19330 672 22 80
19340 672 22 80
19350 676 22 82
19360 676 22 82
19370 676 24 82
19380 680 22 82
19390 680 24 84
19400 680 24 84
19410 680 24 84
19420 680 24 84
19430 676 24 84
19440 684 24 86
19450 688 24 86
19460 688 24 86
19470 688 24 88
19480 688 24 88
19490 688 24 88
19500 688 24 88
19510 692 24 88
19520 688 24 90
19530 692 24 90
19540 688 24 90
19550 688 24 90
19560 692 24 92
19570 696 24 92
19580 696 24 92
19590 692 24 94
19600 696 24 94
19610 696 26 94
19620 696 26 94
19630 696 26 96
19640 696 26 96
19650 696 26 96
19660 696 26 98
19670 700 26 98
19680 704 26 100
19690 700 26 100
19700 704 26 100
19710 704 26 100
19720 704 26 102
19730 704 26 102
19740 704 26 102
19750 704 26 102
19760 704 26 104
19770 708 26 106
19780 708 28 106
19790 704 28 106
19800 708 28 106
19810 708 28 108
19820 708 28 108
19830 708 28 110
19840 708 28 110
19850 712 28 110
19860 708 28 112
19870 708 28 112
19880 704 28 114
19890 704 30 114
19900 708 30 114
19910 704 30 116
19920 704 30 116
19930 708 30 116
19940 704 32 118
19950 704 32 118
19960 700 32 118
19970 700 32 120
19980 700 32 120
19990 708 32 120
20000 704 34 122
20010 700 34 122
20020 700 34 124
20030 700 36 124
20040 700 36 126
20050 700 36 126
20060 700 36 126
20070 696 36 128
20080 700 36 128
20090 700 36 130
20100 696 38 132
20110 700 38 132
20120 700 38 134
20130 700 38 134
20140 700 38 134
20150 696 38 136
20160 700 38 136
20170 696 40 138
20180 696 40 138
20190 696 40 140
20200 696 40 140
20210 696 40 140
20220 692 42 142
20230 696 42 142
20240 692 42 144
20250 692 44 144
20260 692 44 144
20270 688 46 146
20280 688 46 146
20290 688 46 146
20300 688 48 148
20310 688 48 150
20320 684 50 150
20330 684 50 152
20340 684 50 152
20350 684 50 152
20360 680 50 154
20370 680 50 154
20380 680 50 156
20390 676 52 158
20400 680 52 158
20410 676 54 160
20420 676 54 160
20430 676 56 160
20440 672 56 162
20450 672 56 164
20460 672 58 168
20470 676 58 168
20480 672 60 168
20490 672 60 170
20500 668 62 170
20510 672 62 172
20520 668 64 174
20530 668 64 174
20540 668 66 176
20550 668 66 178
20560 668 66 178
20570 668 66 180
20580 664 68 180
20590 664 70 182
20600 664 70 182
20610 664 72 186
20620 664 74 186
20630 664 74 188
20640 660 74 188
20650 660 76 188
20660 660 76 190
20670 660 76 192
20680 660 78 192
20690 660 78 194
20700 656 80 196
20710 660 80 198
20720 656 84 198
20730 656 88 198
20740 656 88 200
20750 656 90 202
20760 656 92 202
20770 656 96 204
20780 656 96 206
20790 656 98 206
20800 656 98 208
20810 656 100 210
20820 656 102 210
20830 652 106 212
20840 656 108 214
20850 656 112 216
20860 652 114 216
20870 656 116 218
20880 656 118 218
20890 656 120 220
20900 656 124 220
20910 652 126 222
20920 652 128 224
20930 656 130 226
20940 652 134 226
20950 652 132 226
20960 656 138 228
20970 652 140 228
20980 652 142 230
20990 656 142 232
21000 652 144 232
21010 652 146 232
21020 652 146 234
21030 652 150 234
21040 656 154 236
21050 656 158 238
21060 656 164 236
21070 656 168 238
21080 656 174 238
21090 656 186 240
21100 656 190 240
21110 656 194 240
21120 660 196 242
21130 656 252 240
21140 656 256 240
21150 656 264 240
21160 660 270 240
21170 660 276 242
21180 664 278 242
21190 656 288 238
21200 660 296 238
21210 660 302 238
21220 660 308 236
21230 660 320 234
21240 660 342 226
21250 664 340 228
21260 660 348 222
21270 660 352 220
21280 660 358 218
21290 664 368 216
21300 664 378 208
21310 664 384 208
21320 668 394 202
21330 668 400 196
21340 668 406 194
21350 668 418 184
21360 668 426 176
21370 672 436 170
21380 668 456 142
21390 668 460 136
21400 668 468 126
21410 672 472 124
21420 672 482 102
21430 672 490 76
21440 676 490 0
21450 672 490 0
21460 672 490 0
21470 676 490 0
21480 676 490 0
21490 676 490 0
21500 680 490 0
21510 676 490 0
21520 680 490 0
21530 680 490 0
21540 680 490 0
21550 680 490 0
21560 684 490 0
21570 680 490 0
21580 684 490 0
21590 684 490 0
21600 688 490 0
21610 688 490 0
21620 692 490 0
21630 688 490 0
21640 692 490 0
21650 692 490 0
21660 692 490 0
21670 696 490 0
21680 696 490 0
21690 696 490 0
21700 696 490 0
21710 700 490 0
21720 700 472 158
21730 696 474 152
21740 700 456 178
21750 700 458 176
21760 700 448 184
21770 700 434 198
21780 704 432 202
21790 704 426 208
21800 708 418 214
21810 708 410 220
21820 704 406 222
21830 708 398 228
21840 708 386 234
21850 712 372 244
21860 712 366 246
21870 716 366 246
21880 716 352 252
21890 716 348 252
21900 716 338 256
21910 720 332 258
21920 716 328 258
21930 716 320 260
21940 720 312 262
21950 720 308 262
21960 724 298 264
21970 720 292 266
21980 724 286 266
21990 724 280 266
22000 728 270 266
22010 728 266 268
22020 728 262 268
22030 732 256 268
22040 732 252 268
22050 732 198 268
22060 736 192 268
22070 736 188 268
22080 740 180 266
22090 736 174 266
22100 736 170 264
22110 740 162 264
22120 740 160 264
22130 744 152 264
22140 744 150 262
22150 748 148 262
22160 748 144 260
22170 752 142 258
22180 748 142 258
22190 752 140 256
22200 752 138 256
22210 756 134 254
22220 756 130 252
22230 760 130 252
22240 760 128 250
22250 764 126 250
22260 768 122 248
22270 768 122 246
22280 768 118 246
22290 772 114 244
22300 772 112 242
22310 772 110 242
22320 772 106 240
22330 776 102 238
22340 776 100 236
22350 780 100 236
22360 780 98 234
22370 784 96 232
22380 784 94 232
22390 788 92 230
22400 788 90 228
22410 788 88 226
22420 788 86 224
22430 792 82 224
22440 792 80 222
22450 796 78 220
22460 800 78 220
22470 800 76 218
22480 800 76 216
22490 800 76 216
22500 804 74 212
22510 808 74 212
22520 812 72 212
22530 812 72 210
22540 816 68 208
22550 820 68 206
22560 816 68 206
22570 820 66 204
22580 824 64 202
22590 828 64 202
22600 824 64 200
22610 828 62 198
22620 828 62 198
22630 836 60 196
22640 836 60 194
22650 840 58 192
22660 844 56 190
22670 844 56 188
22680 848 56 188
22690 848 54 186
22700 848 52 184
22710 852 52 184
22720 860 50 182
22730 860 50 180
22740 864 50 180
22750 864 50 178
22760 864 50 178
22770 864 50 176
22780 876 48 176
22790 868 48 174
22800 872 46 172
22810 876 46 172
22820 876 44 170
22830 880 44 168
22840 880 42 168
22850 880 42 166
22860 880 42 166
22870 880 40 164
22880 880 40 164
22890 892 40 162
22900 896 38 162
22910 896 38 160
22920 896 38 160
22930 896 38 158
22940 900 38 158
22950 904 38 158
22960 904 36 156
22970 904 36 154
22980 912 36 154
22990 912 36 152
23000 912 36 150
23010 916 36 150
23020 912 36 148
23030 912 34 148
23040 912 34 148
23050 920 34 146
23060 924 32 146
23070 924 32 144
23080 924 32 142
23090 928 32 142
23100 924 32 142
23110 924 30 142
23120 928 30 140
23130 928 30 140
23140 928 28 138
23150 928 28 136
23160 936 28 136
23170 936 28 136
23180 932 28 134
23190 936 28 132
23200 928 28 132
23210 936 28 132
23220 936 28 132
23230 936 28 130
23240 920 28 128
23250 928 26 128
23260 936 26 128
23270 936 26 126
23280 936 26 126
23290 936 26 126
23300 932 26 124
23310 936 26 124
23320 936 26 122
23330 928 26 122
23340 936 26 120
23350 928 26 120
23360 928 26 120
23370 928 26 118
23380 932 24 118
23390 928 24 116
23400 928 24 116
23410 928 24 116
23420 924 24 116
23430 924 24 116
23440 924 24 114
23450 920 24 114
23460 924 24 112
23470 916 24 112
23480 916 24 112
23490 920 24 112
23500 912 24 110
23510 912 24 110
23520 912 24 108
23530 904 24 108
23540 904 24 108
23550 904 24 108
23560 900 24 106
23570 900 24 106
23580 900 24 106
23590 896 24 104
23600 896 22 104
23610 888 22 102
23620 888 22 102
23630 888 22 102
23640 884 22 102
23650 884 22 100
23660 880 22 100
23670 876 22 100
23680 876 22 100
23690 872 22 98
23700 872 22 98
23710 868 22 98
23720 868 22 98
23730 868 22 96
23740 860 22 96
23750 860 22 96
23760 860 20 94
23770 856 20 94
23780 856 20 94
23790 856 20 94
23800 856 20 92
23810 852 20 92
23820 852 20 92
23830 852 20 92
23840 852 20 90
23850 848 20 90
23860 852 20 90
23870 848 20 90
23880 848 20 90
23890 852 20 88
23900 852 20 88
23910 848 20 88
23920 848 20 88
23930 848 20 88
23940 852 18 86
23950 852 18 86
23960 848 18 86
23970 848 18 86
23980 844 18 84
23990 852 18 84
24000 848 18 84
24010 852 18 84
24020 852 18 84
24030 852 18 84
24040 856 18 84
24050 852 18 84
24060 856 18 82
24070 860 16 82
24080 860 16 82
24090 860 16 82
24100 860 16 80
24110 860 16 80
24120 864 16 80
24130 860 16 80
24140 864 16 78
24150 872 16 78
24160 872 16 78
24170 872 16 78
24180 876 16 76
24190 872 16 76
24200 872 16 76
24210 872 16 76
24220 876 16 76
24230 880 14 74
24240 880 14 74
24250 880 14 74
24260 880 14 74
24270 884 14 74
24280 888 14 72
24290 888 14 72
24300 888 14 72
24310 892 14 72
24320 888 14 70
24330 896 14 70
24340 892 14 70
24350 892 14 70
24360 892 14 70
24370 892 14 70
24380 896 14 68
24390 896 12 68
24400 896 12 68
24410 904 12 68
24420 904 12 66
24430 904 12 66
24440 904 12 66
24450 904 12 66
24460 904 12 66
24470 908 12 64
24480 904 12 64
24490 908 12 64
24500 908 12 64
24510 908 12 64
24520 904 12 64
24530 904 12 62
24540 908 12 62
24550 908 12 62
24560 908 12 62
24570 908 12 62
24580 912 12 62
24590 912 12 60
24600 904 12 60
24610 912 12 60
24620 912 12 60
24630 912 10 60
24640 908 10 60
24650 908 10 60
24660 912 10 60
24670 908 10 58
24680 908 10 58
24690 904 10 56
24700 912 10 56
24710 912 10 56
24720 904 10 56
24730 912 10 56
24740 912 10 54
24750 904 10 54
24760 904 10 54
24770 912 10 54
24780 912 10 54
24790 912 10 54
24800 904 10 54
24810 904 10 54
24820 904 10 54
24830 900 10 52
24840 900 10 52
24850 900 10 52
24860 900 10 50
24870 904 10 50
24880 900 10 50
24890 900 10 50
24900 896 10 50
24910 900 10 50
24920 892 10 48
24930 888 10 48
24940 892 10 48
24950 892 10 48
24960 884 10 48
24970 888 10 48
24980 888 10 46
24990 884 10 46
25000 876 10 46
25010 876 10 46
25020 872 10 46
25030 872 10 46
25040 876 10 46
25050 872 10 44
25060 872 10 44
25070 860 10 44
25080 864 10 44
25090 864 10 44
25100 860 10 44
25110 860 8 42
25120 856 10 42
25130 860 8 42
25140 852 8 42
25150 848 8 42
25160 848 8 42
25170 848 8 42
25180 840 8 40
25190 836 10 40
25200 840 8 40
25210 836 8 40
25220 828 10 40
25230 832 8 40
25240 828 8 40
25250 824 8 38
25260 824 8 38
25270 816 10 38
25280 816 10 38
25290 816 8 38
25300 812 8 38
25310 804 10 36
25320 804 8 36
25330 800 8 36
25340 800 8 36
25350 796 10 36
25360 796 8 36
25370 792 8 36
25380 788 10 34
25390 784 8 34
25400 776 10 34
25410 776 10 34
25420 772 10 34
25430 772 8 32
25440 772 8 32
25450 764 10 32
25460 764 8 32
25470 760 10 32
25480 752 10 32
25490 752 10 32
25500 752 10 30
25510 744 10 30
25520 744 10 30
25530 740 10 30
25540 736 10 30
25550 736 10 30
25560 732 10 30
25570 728 10 30
25580 728 10 30
25590 716 10 28
25600 720 10 28
25610 716 10 28
25620 708 10 28
25630 712 10 28
25640 708 10 26
25650 708 10 26
25660 704 10 26
25670 696 10 26
25680 696 10 26
25690 692 10 26
25700 688 10 24
25710 688 10 24
25720 684 10 24
25730 680 10 24
25740 680 10 24
25750 676 10 24
25760 672 10 24
25770 668 10 24
25780 664 10 24
25790 664 10 22
25800 660 10 22
25810 656 10 22
25820 656 10 22
25830 652 10 20
25840 648 10 20
25850 644 10 20
25860 640 10 20
25870 640 10 20
25880 636 10 20
25890 612 12 26
25900 628 10 20
25910 628 10 18
25920 624 10 18
25930 620 10 18
25940 616 10 16
25950 616 10 16
25960 612 10 16
25970 608 10 16
25980 604 10 16
25990 604 10 16
26000 600 10 16
26010 596 10 16
26020 592 10 16
26030 592 10 16
26040 584 10 16
26050 584 10 16
26060 584 10 16
26070 580 12 16
26080 576 12 16
26090 568 12 16
26100 568 12 16
26110 560 12 16
26120 560 12 16
26130 560 12 16
26140 556 12 16
26150 552 12 18
26160 548 12 18
26170 544 12 16
26180 540 12 16
26190 536 12 16
26200 532 12 16
26210 528 12 16
26220 528 12 16
26230 524 12 18
26240 520 12 18
26250 516 12 18
26260 512 12 18
26270 508 14 18
26280 504 14 18
26290 504 14 18
26300 500 14 20
26310 496 14 20
26320 492 14 20
26330 488 14 20
26340 488 14 20
26350 484 14 20
26360 480 14 22
26370 480 14 22
26380 476 14 22
26390 476 16 24
26400 472 16 24
26410 468 16 24
26420 468 16 24
26430 464 16 24
26440 460 16 24
26450 460 16 24
26460 456 16 26
26470 456 16 28
26480 460 16 28
26490 456 16 28
26500 456 16 28
26510 456 16 28
26520 456 18 30
26530 452 18 30
26540 456 18 30
26550 452 18 30
26560 452 18 32
26570 448 18 30
26580 452 18 30
26590 448 18 32
26600 444 18 32
26610 444 18 32
26620 440 18 32
26630 432 20 32
26640 424 20 32
26650 416 18 28
26660 408 18 24
26670 408 18 26
26680 408 18 28
26690 408 20 28
26700 404 20 28
26710 400 20 30
26720 396 20 28
26730 388 20 28
26740 384 20 30
26750 380 22 28
26760 372 22 28
26770 372 22 28
26780 368 22 28
26790 364 22 28
26800 360 22 30
26810 360 22 30
26820 356 24 30
26830 356 24 30
26840 356 24 30
26850 356 24 30
26860 356 24 30
26870 356 24 30
26880 356 24 30
26890 356 24 30
26900 356 24 30
26910 352 24 30
26920 352 24 30
26930 352 24 30
26940 352 24 30
26950 352 24 30
26960 348 24 30
26970 348 24 30
26980 348 24 30
26990 344 24 30
27000 344 24 30
27010 344 24 30
27020 344 24 30
27030 344 24 30
27040 340 24 28
27050 340 24 28
27060 340 24 28
27070 336 24 28
27080 336 24 28
27090 336 24 30
27100 332 24 30
27110 332 24 28
27120 332 24 28
27130 328 24 28
27140 328 24 28
27150 324 24 28
27160 324 24 28
27170 324 24 28
27180 320 24 28
27190 320 24 28
27200 316 24 28
27210 316 24 28
27220 312 24 28
27230 312 24 28
27240 308 24 28
27250 308 26 28
27260 304 26 28
27270 304 26 28
27280 300 26 28
27290 300 26 28
27300 296 26 26
27310 296 26 28
27320 296 26 28
27330 292 26 28
27340 288 26 26
27350 288 26 26
27360 284 26 26
27370 284 26 26
27380 280 26 26
27390 280 26 26
27400 276 26 26
27410 272 26 26
27420 272 26 26
27430 272 28 26
27440 268 28 26
27450 268 28 26
27460 264 28 26
27470 260 28 26
27480 260 28 26
27490 256 28 24
27500 256 28 24
27510 256 28 24
27520 252 28 24
27530 248 28 24
27540 248 28 24
27550 248 28 22
27560 244 28 22
27570 244 28 24
27580 240 30 22
27590 240 28 22
27600 236 30 22
27610 236 30 22
27620 236 30 22
27630 232 30 20
27640 232 30 20
27650 232 30 20
27660 228 30 20
27670 228 30 20
27680 228 30 20
27690 224 30 20
27700 224 32 18
27710 224 32 18
27720 220 32 18
27730 220 32 18
27740 220 32 18
27750 220 32 18
27760 216 32 16
27770 216 32 16
27780 216 32 16
27790 212 32 16
27800 212 32 16
27810 212 32 16
27820 212 32 12
27830 212 32 16
27840 212 32 16
27850 208 34 14
27860 208 34 14
27870 208 32 12
27880 208 32 12
27890 208 32 12
27900 208 32 12
27910 208 32 12
27920 204 32 12
27930 208 32 12
27940 208 32 8
27950 208 32 12
27960 208 32 12
27970 204 32 8
27980 204 32 8
27990 204 32 8
28000 208 32 8
28010 208 32 8
28020 208 32 8
28030 208 32 8
28040 204 32 8
28050 204 32 8
28060 208 32 0
28070 208 32 0
28080 208 30 0
28090 208 30 0
28100 208 30 0
28110 208 30 0
28120 208 30 0
28130 212 30 0
28140 212 30 0
28150 212 30 0
28160 212 30 0
28170 212 30 0
28180 212 30 0
28190 216 28 0
28200 216 28 0
28210 216 28 0
28220 216 28 0
28230 216 28 0
28240 216 28 0
28250 220 28 0
28260 220 28 0
28270 220 28 0
28280 220 28 0
28290 224 28 0
28300 224 28 0
28310 224 28 0
28320 228 28 0
28330 228 28 0
28340 228 28 0
28350 232 28 0
28360 232 28 0
28370 232 28 0
28380 232 26 0
28390 236 28 0
28400 236 28 0
28410 240 26 0
28420 240 26 0
28430 240 26 0
28440 244 26 0
28450 244 26 0
28460 244 26 0
28470 248 26 0
28480 248 26 0
28490 248 26 0
28500 252 26 0
28510 252 26 0
28520 252 26 0
28530 256 26 8
28540 256 26 8
28550 256 26 8
28560 260 26 8
28570 260 26 12
28580 264 26 12
28590 264 26 12
28600 264 26 12
28610 268 26 12
28620 268 26 14
28630 272 26 14
28640 272 26 14
28650 272 26 14
28660 272 26 14
28670 276 26 14
28680 276 26 14
28690 280 26 14
28700 280 26 14
28710 280 26 16
28720 280 26 16
28730 284 26 16
28740 284 24 18
28750 288 24 18
28760 288 24 18
28770 288 26 18
28780 288 26 18
28790 288 24 18
28800 292 24 20
28810 296 24 20
28820 296 24 20
28830 296 24 22
28840 296 24 22
28850 296 24 24
28860 300 24 24
28870 300 24 24
28880 304 24 24
28890 304 24 24
28900 304 24 24
28910 304 24 26
28920 304 24 26
28930 304 24 26
28940 308 24 28
28950 312 24 28
28960 312 24 28
28970 308 26 28
28980 312 24 28
28990 312 24 28
29000 316 24 28
29010 316 24 28
29020 316 24 28
29030 312 26 30
29040 316 24 30
29050 320 24 30
29060 320 26 30
29070 320 26 30
29080 324 26 32
29090 316 26 32
29100 320 26 34
29110 320 26 32
29120 320 26 32
29130 324 26 34
29140 324 26 34
29150 324 26 34
29160 320 26 34
29170 320 26 34
29180 324 26 36
29190 324 26 36
29200 328 26 36
29210 328 26 36
29220 324 26 36
29230 324 26 36
29240 324 26 36
29250 324 26 36
29260 328 26 36
29270 328 26 36
29280 328 26 38
29290 324 26 38
29300 324 26 38
29310 328 26 38
29320 324 26 38
29330 328 26 38
29340 332 26 40
29350 324 26 40
29360 324 26 40
29370 328 26 40
29380 324 26 40
29390 328 26 40
29400 328 26 42
29410 324 26 42
29420 320 26 42
29430 324 28 42
29440 324 26 44
29450 324 28 44
29460 328 28 44
29470 328 28 44
29480 320 28 44
29490 320 28 44
29500 324 28 44
29510 320 28 44
29520 324 28 46
29530 324 28 46
29540 320 28 46
29550 316 28 46
29560 320 28 46
29570 320 28 48
29580 320 28 48
29590 324 28 50
29600 320 28 50
29610 312 28 48
29620 312 28 48
29630 316 30 48
29640 316 30 50
29650 316 30 50
29660 316 30 50
29670 312 30 50
29680 312 30 50
29690 312 30 50
29700 308 30 50
29710 308 32 50
29720 312 32 52
29730 308 32 52
29740 304 32 50
29750 304 32 50
29760 304 32 50
29770 304 34 52
29780 304 34 52
29790 304 34 52
29800 300 34 52
29810 300 34 54
29820 300 34 54
29830 296 36 54
29840 296 36 54
29850 300 36 54
29860 296 36 54
29870 292 36 54
29880 292 36 54
29890 296 36 56
29900 292 36 56
29910 292 36 56
29920 292 36 56
29930 288 38 56
29940 284 38 56
29950 284 38 56
29960 284 38 56
29970 284 38 56
29980 280 38 56
29990 276 38 54
30000 272 38 54
